{"chessboard_points": [[[0.0, 0.0, 0.0]], [[0.024399999529123306, 0.0, 0.0]], [[0.04879999905824661, 0.0, 0.0]], [[0.07320000231266022, 0.0, 0.0]], [[0.09759999811649323, 0.0, 0.0]], [[0.12199999392032623, 0.0, 0.0]], [[0.14640000462532043, 0.0, 0.0]], [[0.17080000042915344, 0.0, 0.0]], [[0.19519999623298645, 0.0, 0.0]], [[0.0, 0.024399999529123306, 0.0]], [[0.024399999529123306, 0.024399999529123306, 0.0]], [[0.04879999905824661, 0.024399999529123306, 0.0]], [[0.07320000231266022, 0.024399999529123306, 0.0]], [[0.09759999811649323, 0.024399999529123306, 0.0]], [[0.12199999392032623, 0.024399999529123306, 0.0]], [[0.14640000462532043, 0.024399999529123306, 0.0]], [[0.17080000042915344, 0.024399999529123306, 0.0]], [[0.19519999623298645, 0.024399999529123306, 0.0]], [[0.0, 0.04879999905824661, 0.0]], [[0.024399999529123306, 0.04879999905824661, 0.0]], [[0.04879999905824661, 0.04879999905824661, 0.0]], [[0.07320000231266022, 0.04879999905824661, 0.0]], [[0.09759999811649323, 0.04879999905824661, 0.0]], [[0.12199999392032623, 0.04879999905824661, 0.0]], [[0.14640000462532043, 0.04879999905824661, 0.0]], [[0.17080000042915344, 0.04879999905824661, 0.0]], [[0.19519999623298645, 0.04879999905824661, 0.0]], [[0.0, 0.07320000231266022, 0.0]], [[0.024399999529123306, 0.07320000231266022, 0.0]], [[0.04879999905824661, 0.07320000231266022, 0.0]], [[0.07320000231266022, 0.07320000231266022, 0.0]], [[0.09759999811649323, 0.07320000231266022, 0.0]], [[0.12199999392032623, 0.07320000231266022, 0.0]], [[0.14640000462532043, 0.07320000231266022, 0.0]], [[0.17080000042915344, 0.07320000231266022, 0.0]], [[0.19519999623298645, 0.07320000231266022, 0.0]], [[0.0, 0.09759999811649323, 0.0]], [[0.024399999529123306, 0.09759999811649323, 0.0]], [[0.04879999905824661, 0.09759999811649323, 0.0]], [[0.07320000231266022, 0.09759999811649323, 0.0]], [[0.09759999811649323, 0.09759999811649323, 0.0]], [[0.12199999392032623, 0.09759999811649323, 0.0]], [[0.14640000462532043, 0.09759999811649323, 0.0]], [[0.17080000042915344, 0.09759999811649323, 0.0]], [[0.19519999623298645, 0.09759999811649323, 0.0]], [[0.0, 0.12199999392032623, 0.0]], [[0.024399999529123306, 0.12199999392032623, 0.0]], [[0.04879999905824661, 0.12199999392032623, 0.0]], [[0.07320000231266022, 0.12199999392032623, 0.0]], [[0.09759999811649323, 0.12199999392032623, 0.0]], [[0.12199999392032623, 0.12199999392032623, 0.0]], [[0.14640000462532043, 0.12199999392032623, 0.0]], [[0.17080000042915344, 0.12199999392032623, 0.0]], [[0.19519999623298645, 0.12199999392032623, 0.0]], [[0.0, 0.14640000462532043, 0.0]], [[0.024399999529123306, 0.14640000462532043, 0.0]], [[0.04879999905824661, 0.14640000462532043, 0.0]], [[0.07320000231266022, 0.14640000462532043, 0.0]], [[0.09759999811649323, 0.14640000462532043, 0.0]], [[0.12199999392032623, 0.14640000462532043, 0.0]], [[0.14640000462532043, 0.14640000462532043, 0.0]], [[0.17080000042915344, 0.14640000462532043, 0.0]], [[0.19519999623298645, 0.14640000462532043, 0.0]]], "chessboard_inner_corners": [9, 7], "chessboard_spacing_m": 0.0244, "image_resolution": [3024, 4032], "camera_matrix": [[3506.090279604193, 0.0, 1682.537449684171], [0.0, 3725.035056810065, 1934.721651056599], [0.0, 0.0, 1.0]], "distortion_coefficients": [0.2878989094794739, -1.6602288023568648, -0.007876957063445336, -0.0176037108569719, 2.599984532168994], "rms": 6.1600473877496, "reprojection_error": {"average": 0.6678153462884678, "stddev": 0.3954024494060054, "image": {"PXL_20240122_131914674.jpg": 0.53957944463365, "PXL_20240122_131915326.jpg": 0.6458661167264756, "PXL_20240122_131915713.jpg": 0.5647795916891467, "PXL_20240122_131915922.jpg": 0.4208861860404284, "PXL_20240122_131916113.jpg": 1.0137634186460784, "PXL_20240122_131919443.jpg": 0.4328579027221288, "PXL_20240122_131920838.jpg": 0.32278630011036563, "PXL_20240122_131923567.jpg": 0.6341971664321112, "PXL_20240122_131925366.jpg": 0.6627844488139574, "PXL_20240122_131926794.jpg": 0.572919333388978, "PXL_20240122_131928807.jpg": 1.527600994461678, "PXL_20240122_131931195.jpg": 1.0932357356205202, "PXL_20240122_131932213.jpg": 1.0532898198808356, "PXL_20240122_131933461.jpg": 0.5595823165763493, "PXL_20240122_131935147.jpg": 0.35081296252102834, "PXL_20240122_131936836.jpg": 0.6917829814406686, "PXL_20240122_131938670.jpg": 0.30007152175400187, "PXL_20240122_131940381.jpg": 0.6097466424494316, "PXL_20240122_131942335.jpg": 0.2834949477189636, "PXL_20240122_131944029.jpg": 0.9661524591877912, "PXL_20240122_131944256.jpg": 0.8375278834020694, "PXL_20240122_155931283.jpg": 1.6864579881856956, "PXL_20240122_155933186.jpg": 0.6198040290474688, "PXL_20240122_155934549.jpg": 0.42436115639596206, "PXL_20240122_155936794.jpg": 0.3762062822473937, "PXL_20240122_155937607.jpg": 0.5014879283753824, "PXL_20240122_155940175.jpg": 1.0681115403279844, "PXL_20240122_155942508.jpg": 1.4156098940871953, "PXL_20240122_155943559.jpg": 1.323098838944505, "PXL_20240122_155948282.jpg": 0.3347218204976338, "PXL_20240122_155948971.jpg": 0.3764370778491538, "PXL_20240122_155951936.jpg": 0.134073886914632, "PXL_20240122_155952614.jpg": 0.07701344271206521, "PXL_20240122_155954123.jpg": 0.28461971400617775}}, "chessboard_orientations": {"PXL_20240122_131914674.jpg": {"rotation_matrix": [[0.020469850607937632, -0.9982567480495999, 0.05535747636522668], [0.9980624692937827, 0.023657083033399102, 0.057546935709453274], [-0.05875621331642981, 0.05407224237803326, 0.9968068519030783]], "translation": [0.05458591271260812, -0.10495386753945041, 0.3928635375011492]}, "PXL_20240122_131915326.jpg": {"rotation_matrix": [[0.054381915452423615, -0.9895809635365796, 0.13331212952218569], [0.998331574829549, 0.0564798885403615, 0.012003703129487488], [-0.019408090325376562, 0.13243692384106068, 0.9910014062721804]], "translation": [0.0348325013651564, -0.0706236331305688, 0.3836228764494497]}, "PXL_20240122_131915713.jpg": {"rotation_matrix": [[0.07534617978524215, -0.9892485193537973, 0.1253408159702558], [0.9971296088837761, 0.07568555623299213, -0.0020590446790325068], [-0.00744958247538971, 0.12513617995616674, 0.9921116067191835]], "translation": [0.011927421453607654, -0.026755808320731107, 0.3851683942498497]}, "PXL_20240122_131915922.jpg": {"rotation_matrix": [[0.06714405861407952, -0.9898318089016107, 0.12539802821174595], [0.9976497274570524, 0.06832656212713993, 0.005148029987747056], [-0.01366370000028215, 0.12475764904185582, 0.9920931570713765]], "translation": [0.010216005565301235, -0.02424780517984781, 0.3869767877199439]}, "PXL_20240122_131916113.jpg": {"rotation_matrix": [[-0.03865564140167764, -0.9959543869062742, 0.08112090106731086], [0.9961614345064843, -0.03202830009073185, 0.08146523427377793], [-0.0785374928923021, 0.0839586040584618, 0.993369425246593]], "translation": [0.059809775785715696, 0.014131250909339881, 0.40005042562152965]}, "PXL_20240122_131919443.jpg": {"rotation_matrix": [[-0.1271686439825893, -0.9872923840585627, 0.09529892112500082], [0.9882763457185669, -0.11793646018609771, 0.09695801076718152], [-0.08448668818686969, 0.10651168827284951, 0.9907155291911409]], "translation": [0.05685964650637289, -0.1305694374142902, 0.4448083947721324]}, "PXL_20240122_131920838.jpg": {"rotation_matrix": [[0.007976272718754025, -0.9855847515186438, 0.16899430951203517], [0.9982409979139872, 0.01777661824103003, 0.056558835981655044], [-0.0587476736322651, 0.16824591946863426, 0.9839928970398877]], "translation": [-0.039236066107096845, -0.1273722960028366, 0.46300504792653036]}, "PXL_20240122_131923567.jpg": {"rotation_matrix": [[-0.01207429696800564, -0.8478963271137069, 0.5300245558649281], [0.9982467238022398, 0.020495763756056537, 0.055528389911387116], [-0.05794557593831931, 0.529765742696847, 0.8461622587270332]], "translation": [-0.04583010939312124, -0.08289704892021968, 0.3992846824541491]}, "PXL_20240122_131925366.jpg": {"rotation_matrix": [[0.06680322099383794, 0.8662878611328007, 0.4950582504299933], [-0.9961025166590813, 0.08654403082756681, -0.017026656558511877], [-0.05759432237897069, -0.4919913336452937, 0.8686929386426671]], "translation": [-0.17120496522388268, 0.12143954309782701, 0.485221288878391]}, "PXL_20240122_131926794.jpg": {"rotation_matrix": [[-0.16721565195883775, -0.906631315296675, 0.387373958679984], [0.975394781497775, -0.2093852546970681, -0.0690132983007744], [0.1436800124126128, 0.3663024341153974, 0.9193359455575781]], "translation": [-0.016866021841336884, 0.0026344499438535588, 0.4225392706974382]}, "PXL_20240122_131928807.jpg": {"rotation_matrix": [[-0.3735707590048814, -0.9218225147749274, 0.10338345743176414], [0.906999233396733, -0.3863570612201232, -0.16757270619969264], [0.19441522222875285, 0.031168453592992723, 0.9804240148356044]], "translation": [0.08048291978977755, -0.008923676962661003, 0.426336473233641]}, "PXL_20240122_131931195.jpg": {"rotation_matrix": [[-0.42140830653024697, -0.9060022904184808, -0.0396848704643932], [0.8603652607010148, -0.4132484324061339, 0.2983242385270553], [-0.2866821539025124, 0.09157282823162814, 0.9536392188681608]], "translation": [0.1007154128409647, -0.09472338729818959, 0.41324399115245686]}, "PXL_20240122_131932213.jpg": {"rotation_matrix": [[-0.4014786135574475, -0.9150990389151813, -0.03753227720910497], [0.873326631526249, -0.39485303569614466, 0.28529226219537457], [-0.27589040853752955, 0.08176080465632968, 0.9577054104989403]], "translation": [0.130742209268386, -0.06433067425354044, 0.4222435126377554]}, "PXL_20240122_131933461.jpg": {"rotation_matrix": [[-0.25471350736791326, -0.9663474886132167, -0.035966100918292415], [0.9450981311954466, -0.25664177399336563, 0.20229810244392452], [-0.2047206671912007, 0.01753656444310045, 0.9786633319647378]], "translation": [0.1492130786057789, -0.029967535787123446, 0.42374868882341854]}, "PXL_20240122_131935147.jpg": {"rotation_matrix": [[-0.010656379569891378, -0.9870252020778658, 0.1602113979640986], [0.9995697390695784, -0.0061361503767541955, 0.02868247539751491], [-0.027327244845347848, 0.16044811660378644, 0.9866659128435826]], "translation": [0.06599148052019493, -0.03433960208542782, 0.5012094638801714]}, "PXL_20240122_131936836.jpg": {"rotation_matrix": [[0.03858022273667844, -0.9830010622847527, 0.17950063498672114], [0.9774321545962923, -0.0002134924950039649, -0.2112494676495175], [0.2076967731449823, 0.18359974392139652, 0.9608086096914202]], "translation": [0.05550247971214976, -0.044589624653347495, 0.4138919794583741]}, "PXL_20240122_131938670.jpg": {"rotation_matrix": [[0.09040288266718122, -0.9585975296470036, 0.2700335071062964], [0.9923792122448231, 0.06391181872191266, -0.10535074053846015], [0.08373062707163043, 0.2774996496976523, 0.9570700739798901]], "translation": [-0.012065030968614237, -0.06576604331073518, 0.4617347684837886]}, "PXL_20240122_131940381.jpg": {"rotation_matrix": [[0.03490958902318056, -0.9689971059501424, 0.2445933957703709], [0.9908772726796292, 0.0654365252296902, 0.11781464956805746], [-0.13016739638332128, 0.23824917591906333, 0.9624415717812043]], "translation": [-0.006214639758616526, -0.06522550618542938, 0.5289958524467302]}, "PXL_20240122_131942335.jpg": {"rotation_matrix": [[-0.07843564215998214, -0.987843190960345, 0.13421505173502146], [0.9685338789459429, -0.0436108909533003, 0.24503105012260168], [-0.2361990164519675, 0.1492109924353518, 0.9601802457682519]], "translation": [0.023037829229368898, -0.08477005543170166, 0.5510024983446187]}, "PXL_20240122_131944029.jpg": {"rotation_matrix": [[-0.31634173547797645, -0.9356255272678811, -0.15662943248151573], [0.9472544873664552, -0.30260531906646093, -0.10554125751003617], [0.051350195315074995, -0.1817550373370298, 0.9820021709974571]], "translation": [0.16078548180344157, -0.02412865124282916, 0.5004790719292275]}, "PXL_20240122_131944256.jpg": {"rotation_matrix": [[-0.3185247817177143, -0.9371563283596611, -0.14240779349151217], [0.9471221127963629, -0.30850487311900593, -0.08822951158189299], [0.03875134686479648, -0.16298085616803218, 0.985867929105567]], "translation": [0.1603965385898807, -0.016250169854395407, 0.4997577205556751]}, "PXL_20240122_155931283.jpg": {"rotation_matrix": [[-0.9589809611631415, -0.2833619473534625, -0.007843654675660137], [0.25233685676919243, -0.8659363014453823, 0.4318338020059756], [-0.12915737238911873, 0.41214115134398516, 0.901919089789318]], "translation": [0.11132378530016514, 0.005306426328624442, 0.4472125484323741]}, "PXL_20240122_155933186.jpg": {"rotation_matrix": [[-0.4772656598018562, -0.8774177724790535, 0.04853393155097817], [0.856683681167075, -0.4522643572480825, 0.24809276810299893], [-0.19573083659947005, 0.15998438580334953, 0.9675197341156394]], "translation": [0.08150038175998826, -0.1531896391893754, 0.5299840937568594]}, "PXL_20240122_155934549.jpg": {"rotation_matrix": [[-0.40508163081034865, -0.9124196183996498, 0.0583036220098367], [0.880213929100939, -0.37194894592502, 0.29474975935860215], [-0.24724949220719483, 0.17071737341203475, 0.9537941428938325]], "translation": [0.09127302852892373, -0.09794729916148756, 0.554848617439706]}, "PXL_20240122_155936794.jpg": {"rotation_matrix": [[-0.3713118031968712, -0.9280150217162381, 0.030259945070974487], [0.8748151591694736, -0.338732273005196, 0.3463508113344361], [-0.31116873572705983, 0.15507600295901292, 0.9376169000248875]], "translation": [0.08927189801805627, -0.06713804944449503, 0.5754608887968345]}, "PXL_20240122_155937607.jpg": {"rotation_matrix": [[-0.2662986206602937, -0.9636698368773152, 0.020627412035295598], [0.9267430320828981, -0.25009325599356225, 0.2803581919479709], [-0.2650139564630922, 0.09377531018017161, 0.9596737956620425]], "translation": [0.08206457981485565, -0.07369591479412227, 0.6209569311607919]}, "PXL_20240122_155940175.jpg": {"rotation_matrix": [[0.6993816129435985, -0.6917640152336054, -0.17979962932189544], [0.7051441376776616, 0.6266955535850983, 0.33169930391168173], [-0.11677801409185615, -0.358769048754972, 0.9260926870892647]], "translation": [-0.07688603734325931, -0.15620660470504766, 0.6801380883506233]}, "PXL_20240122_155942508.jpg": {"rotation_matrix": [[0.9954151393995797, -0.008983730082166175, -0.09522600930379288], [0.0420240180639528, 0.9354183062436215, 0.35103642866528073], [0.08592253580915682, -0.3534287551093218, 0.931507076141668]], "translation": [-0.16570626627579751, -0.13404715544071874, 0.6277064791027958]}, "PXL_20240122_155943559.jpg": {"rotation_matrix": [[0.9967801844799737, -0.022478278236595515, -0.07696746608527316], [0.05395379069018996, 0.8981117881476512, 0.43644496154771656], [0.05931485731440858, -0.43919237584200704, 0.896432822192508]], "translation": [-0.13093702142906607, -0.07997278198708753, 0.6514560561523698]}, "PXL_20240122_155948282.jpg": {"rotation_matrix": [[0.9551289743311777, -0.2593186051257953, -0.14311709691257857], [0.29616954057876754, 0.8304614435963777, 0.47182347751376474], [-0.0034993751491288055, -0.49303919898465687, 0.870000058987431]], "translation": [-0.1816364493206484, -0.03625033674949767, 1.4868894447086098]}, "PXL_20240122_155948971.jpg": {"rotation_matrix": [[0.9724899750477258, -0.20853108325034936, -0.10381731912407259], [0.23288497242953166, 0.8602508732893219, 0.4535780248440784], [-0.005276177420249856, -0.46527757556473204, 0.8851491058733749]], "translation": [-0.16692300068792934, -0.03901648784450794, 1.4824636904797217]}, "PXL_20240122_155951936.jpg": {"rotation_matrix": [[-0.09031476874286959, -0.9959096318425803, 0.0026921645748472917], [0.9708919645194792, -0.08744324501980072, 0.22298536304410993], [-0.22183785920899163, 0.022752672449256897, 0.9748180753956037]], "translation": [0.0035430024423612435, 0.01518452530232748, 1.5276075529948854]}, "PXL_20240122_155952614.jpg": {"rotation_matrix": [[-0.16199807886231174, -0.9854818235395152, 0.05081533152654069], [0.9594979299439866, -0.14528098379270937, 0.24136519670703777], [-0.23047851283389684, 0.0878579035798973, 0.9691030099532355]], "translation": [0.0014592009242732906, -0.0038053973613649495, 1.4995794779825036]}, "PXL_20240122_155954123.jpg": {"rotation_matrix": [[-0.905529395723018, -0.4239689496485304, -0.01633533640387347], [0.3725161610893385, -0.8128848398705748, 0.4477163687379008], [-0.2030965859111566, 0.3993351560312614, 0.8940264033845534]], "translation": [-0.058384740361011496, 0.05210555570092703, 1.3414612488788284]}}}